201428015029002:u20142801201428015029009:ucas123
201428015029019:ucas123
201428015029023:ucas123
201428015029042:ucas123
015029010
201428015029011
201428015029012
201428015029013
201428015029014
201428015029015
201428015029016
201428015029017
201428015029018
201428015029020
201428015029021
201428015029022
201428015029024
201428015029025
201428015029026
201428015029027
201428015029028
201428015029029
201428015029030
201428015029031
201428015029032
201428015029033
201428015029034
201428015029035
201428015029036
201428015029037
201428015029038
201428015029039
201428015029040
201428015029041
201428015029043
201428015029044
201428015029045
201428015029046
201428015029047
